cmd_name ifm_height ifm_width ifm_depth kernel_height kernel_width stride pad ofm_height ofm_width ofm_depth ifm_baseaddr_hw ofm_baseaddr_hw relu bias

conv0 224 224 3 3 3 1 1 224 224 32 0x350000 0x000000 1 1
pool1 224 224 32 2 2 2 0 112 112 32 0x200000 0x000000 1 0

conv2 112 112 32 3 3 1 1 112 112 64 0x000000 0x200000 1 1
pool3 112 112 64 2 2 2 0 56 56 64 0x000000 0x200000 1 0

conv4 56 56 64 3 3 1 1 56 56 128 0x200000 0x000000 1 1

conv5 56 56 128 1 1 1 0 56 56 64 0x000000 0x200000 1 1

conv6 56 56 64 3 3 1 1 56 56 128 0x200000 0x000000 1 1
pool7 56 56 128 2 2 2 0 28 28 128 0x200000 0x000000 1 0

conv8 28 28 128 3 3 1 1 28 28 256 0x000000 0x200000 1 1

conv9 28 28 256 1 1 1 0 28 28 128 0x200000 0x000000 1 1

conv10 28 28 128 3 3 1 1 28 28 256 0x000000 0x200000 1 1
pool11 28 28 256 2 2 2 0 14 14 256 0x000000 0x200000 1 0

conv12 14 14 256 3 3 1 1 14 14 512 0x200000 0x000000 1 1

conv13 14 14 512 1 1 1 0 14 14 256 0x000000 0x200000 1 1

conv14 14 14 256 3 3 1 1 14 14 512 0x200000 0x000000 1 1

conv15 14 14 512 1 1 1 0 14 14 256 0x000000 0x300000 1 1

conv16 14 14 256 3 3 1 1 14 14 512 0x300000 0x000000 1 1
pool17 14 14 512 2 2 2 0 7 7 512 0x200000 0x000000 1 0

conv18 7 7 512 3 3 1 1 7 7 1024 0x000000 0x200000 1 1

conv19 7 7 1024 1 1 1 0 7 7 512 0x200000 0x000000 1 1

conv20 7 7 512 3 3 1 1 7 7 1024 0x000000 0x200000 1 1

conv21 7 7 1024 1 1 1 0 7 7 512 0x200000 0x000000 1 1

conv22 7 7 512 3 3 1 1 7 7 1024 0x000000 0x200000 1 1

conv23 7 7 1024 3 3 1 1 7 7 1024 0x200000 0x000000 1 1

conv24 7 7 1024 3 3 1 1 7 7 1024 0x000000 0x201880 1 1

conv16-1 14 14 256 3 3 1 1 14 14 512 0x300000 0x000000 1 1

conv26 14 14 512 1 1 1 0 14 14 64 0x000000 0x200000 1 1
pool27 14 14 64 2 2 2 0 7 7 64 0x000000 0x200000 1 0

conv29 7 7 1088 3 3 1 1 7 7 1024 0x200000 0x000000 1 1

conv30 7 7 1024 1 1 1 0 7 7 425 0x000000 0x200000 0 1   // only this one does not have relu
